1067.0 765.0
1067.0 765.0
1067.0 765.0
1067.0 765.0
1077.0 777.0
1075.0 777.0
1073.0 779.0
1071.0 779.0
1067.0 779.0
1065.0 779.0
1063.0 779.0
1061.0 779.0
1057.0 777.0
1055.0 777.0
1053.0 777.0
1049.0 777.0
1045.0 777.0
1043.0 775.0
1039.0 775.0
1037.0 775.0
1033.0 773.0
1031.0 773.0
1027.0 773.0
1025.0 773.0
1021.0 773.0
1019.0 773.0
1017.0 773.0
1013.0 773.0
1011.0 773.0
1007.0 771.0
1005.0 771.0
1001.0 771.0
999.0 771.0
995.0 771.0
993.0 771.0
991.0 771.0
987.0 771.0
985.0 773.0
981.0 773.0
979.0 773.0
977.0 773.0
973.0 773.0
971.0 773.0
969.0 773.0
967.0 775.0
965.0 777.0
963.0 779.0
961.0 781.0
959.0 783.0
957.0 785.0
955.0 789.0
953.0 789.0
949.0 791.0
947.0 795.0
947.0 797.0
943.0 799.0
941.0 801.0
939.0 803.0
939.0 805.0
937.0 807.0
935.0 811.0
935.0 813.0
935.0 815.0
935.0 819.0
933.0 821.0
933.0 823.0
933.0 825.0
931.0 829.0
931.0 831.0
929.0 833.0
929.0 835.0
929.0 839.0
927.0 841.0
927.0 843.0
925.0 845.0
925.0 847.0
925.0 849.0
925.0 853.0
925.0 855.0
925.0 859.0
927.0 861.0
927.0 863.0
927.0 867.0
927.0 871.0
927.0 873.0
927.0 877.0
927.0 881.0
925.0 883.0
925.0 887.0
925.0 889.0
923.0 891.0
919.0 891.0
917.0 891.0
913.0 891.0
911.0 891.0
907.0 891.0
905.0 891.0
903.0 891.0
899.0 891.0
897.0 891.0
893.0 891.0
891.0 891.0
889.0 891.0
885.0 891.0
883.0 891.0
883.0 895.0
881.0 897.0
881.0 899.0
881.0 903.0
881.0 905.0
881.0 907.0
881.0 911.0
881.0 913.0
881.0 915.0
881.0 917.0
881.0 919.0
881.0 921.0
881.0 923.0
881.0 925.0
881.0 927.0
881.0 929.0
881.0 931.0
881.0 933.0
883.0 933.0
885.0 931.0
887.0 931.0
891.0 931.0
893.0 931.0
895.0 931.0
897.0 931.0
901.0 931.0
903.0 931.0
905.0 931.0
907.0 931.0
909.0 931.0
911.0 931.0
915.0 931.0
917.0 931.0
919.0 931.0
921.0 931.0
923.0 931.0
925.0 931.0
925.0 933.0
927.0 935.0
927.0 937.0
929.0 939.0
929.0 941.0
929.0 943.0
929.0 945.0
929.0 949.0
929.0 951.0
929.0 953.0
931.0 957.0
931.0 957.0
933.0 959.0
935.0 959.0
937.0 959.0
937.0 959.0
937.0 959.0
937.0 959.0
937.0 959.0
943.0 959.0
943.0 957.0
945.0 955.0
947.0 953.0
947.0 951.0
947.0 949.0
947.0 945.0
947.0 943.0
947.0 939.0
947.0 937.0
947.0 935.0
947.0 931.0
947.0 929.0
947.0 925.0
947.0 923.0
947.0 919.0
947.0 917.0
945.0 915.0
943.0 913.0
941.0 911.0
937.0 911.0
935.0 911.0
933.0 911.0
931.0 909.0
929.0 907.0
927.0 905.0
927.0 903.0
927.0 899.0
927.0 897.0
927.0 895.0
927.0 893.0
925.0 889.0
927.0 887.0
927.0 885.0
927.0 881.0
927.0 879.0
929.0 877.0
927.0 873.0
927.0 871.0
927.0 867.0
927.0 865.0
927.0 861.0
927.0 859.0
927.0 855.0
925.0 851.0
925.0 849.0
925.0 847.0
925.0 845.0
923.0 843.0
923.0 839.0
923.0 837.0
923.0 835.0
921.0 831.0
921.0 829.0
921.0 825.0
921.0 823.0
921.0 821.0
923.0 817.0
923.0 815.0
923.0 813.0
923.0 811.0
923.0 807.0
923.0 805.0
925.0 801.0
925.0 799.0
925.0 795.0
925.0 793.0
927.0 789.0
927.0 787.0
931.0 785.0
933.0 783.0
935.0 783.0
937.0 781.0
941.0 781.0
943.0 781.0
947.0 781.0
951.0 781.0
953.0 781.0
955.0 779.0
957.0 777.0
959.0 775.0
961.0 773.0
963.0 773.0
967.0 771.0
975.0 761.0
983.0 755.0
991.0 749.0
999.0 743.0
1001.0 745.0
1003.0 745.0
1005.0 745.0
1009.0 745.0
1011.0 747.0
1013.0 747.0
1015.0 745.0
1019.0 745.0
1021.0 745.0
1023.0 745.0
1025.0 745.0
1027.0 745.0
1029.0 745.0
1031.0 747.0
1033.0 747.0
1035.0 747.0
1037.0 747.0
1039.0 747.0
1041.0 747.0
1043.0 747.0
1045.0 749.0
1047.0 749.0
1049.0 749.0
1051.0 749.0
1053.0 749.0
1055.0 749.0
1057.0 751.0
1059.0 751.0
1061.0 751.0
1063.0 751.0
1067.0 751.0
1069.0 753.0
1071.0 753.0
1073.0 753.0
1075.0 753.0
1079.0 753.0
1081.0 755.0
1081.0 755.0
1081.0 755.0
1081.0 755.0
1081.0 755.0
1081.0 755.0
1081.0 755.0
1081.0 755.0
1081.0 755.0
1081.0 755.0
